
Evaluation Part For BinPRE---------------------------------
Average_Accr:0.9976615384615386
Average_Pre:0.9955555555555555
Average_Rec:1.0
F1_score:0.9977728285077951
Average_Perf:0.9942857142857143
******************
Under_Seg:0
Over_Seg:2
handle_unused's Over_Seg:70
Error_Handled_Unused_Under_Seg:0


\Semantic-Type Evaluation Part For BinPRE(no validation)---------------------------------
no_Average_Pre:0.8386666666666666
no_Average_Rec:0.6161904761904765
no_F1_score:0.710418085013529

no_static_Pre:0.6329113924050633
no_static_Rec:0.43859649122807015
no_static_F1:0.5181347150259067
no_static_groudtruth:{'6', '4,5', '2,3'}

no_integer_Pre:0.9060402684563759
no_integer_Rec:0.675
no_integer_F1:0.7736389684813753
no_integer_groudtruth:{'0,1', '4,5', '12', '10,11', '8,9'}

no_group_Pre:0.8604651162790697
no_group_Rec:0.74
no_group_F1:0.7956989247311828
no_group_groudtruth:{'7'}

no_bytes_Pre:0
no_bytes_Rec:0.0
no_bytes_F1:0
no_bytes_groudtruth:{'13,+'}

no_string_Pre:0
no_string_Rec:0
no_string_F1:0
no_string_groudtruth:set()


\Semantic-Type Evaluation Part For BinPRE(Validated)---------------------------------
Average_Pre:0.8313095238095235
Average_Rec:0.8463095238095234
F1_score:0.8387424644850842

static_Pre:0.6896551724137931
static_Rec:0.43859649122807015
static_F1:0.5361930294906165
static_groudtruth:{'6', '4,5', '2,3'}

integer_Pre:0.8806818181818182
integer_Rec:0.775
integer_F1:0.824468085106383
integer_groudtruth:{'0,1', '4,5', '12', '10,11', '8,9'}

group_Pre:0.8928571428571429
group_Rec:1.0
group_F1:0.9433962264150945
group_groudtruth:{'7'}

bytes_Pre:0.0
bytes_Rec:0.0
bytes_F1:0
bytes_groudtruth:{'13,+'}

string_Pre:0
string_Rec:0
string_F1:0
string_groudtruth:set()


\Semantic-Function Evaluation Part For BinPRE(no validation)---------------------------------
Average_Pre:0.43200000000000005
Average_Rec:0.87
F1_score:0.5773271889400923

no_BinPRE_Command_pre:1.0
no_BinPRE_Command_rec:0.74
no_BinPRE_Command_F1:0.8505747126436781


no_BinPRE_Command_pre:1.0
no_BinPRE_Command_rec:0.74
no_BinPRE_Command_F1:0.8505747126436781

no_BinPRE_Length_pre:0.33557046979865773
no_BinPRE_Length_rec:1.0
no_BinPRE_Length_F1:0.5025125628140704

no_BinPRE_Delim_pre:0
no_BinPRE_Delim_rec:0
no_BinPRE_Delim_F1:0
no_delim_groudtruth:set()

no_BinPRE_aligned_pre:0.0
no_BinPRE_aligned_rec:0
no_BinPRE_aligned_F1:0
no_aligned_groudtruth:set()

no_BinPRE_filename_pre:0
no_BinPRE_filename_rec:0
no_BinPRE_filename_F1:0
no_filename_groudtruth:set()


\Semantic-Function Evaluation Part For BinPRE(Validated)---------------------------------
Average_Pre:0.763333333333333
Average_Rec:1.0
F1_score:0.8657844990548201

BinPRE_Command_pre:1.0
BinPRE_Command_rec:1.0
BinPRE_Command_F1:1.0

BinPRE_Length_pre:0.5813953488372093
BinPRE_Length_rec:1.0
BinPRE_Length_F1:0.7352941176470588

BinPRE_Delim_pre:0
BinPRE_Delim_rec:0
BinPRE_Delim_F1:0
delim_groudtruth:set()

BinPRE_aligned_pre:0
BinPRE_aligned_rec:0
BinPRE_aligned_F1:0
aligned_groudtruth:set()

BinPRE_filename_pre:0
BinPRE_filename_rec:0
BinPRE_filename_F1:0
filename_groudtruth:set()
