Evaluation Part For Polyglot_Syntax---------------------------------
Average_Accr:0.9138487179487175
Average_Pre:0.8773535353535351
Average_Rec:1.0
F1_score:0.9346705549397926
Average_Perf:0.8403174603174602
******************
Under_Seg:0
Over_Seg:61



Evaluation Part For AutoFormat_Syntax---------------------------------
Average_Accr:0.9138487179487175
Average_Pre:0.8773535353535351
Average_Rec:1.0
F1_score:0.9346705549397926
Average_Perf:0.8403174603174602
******************
Under_Seg:0
Over_Seg:61



Evaluation Part For Tupni_Syntax---------------------------------
Average_Accr:0.8412858974358977
Average_Pre:0.7948857808857808
Average_Rec:1.0
F1_score:0.885722968392454
Average_Perf:0.7063492063492067
******************
Under_Seg:0
Over_Seg:111



Polyglot_Command_pre:0.4672897196261682
Polyglot_Command_rec:1.0
Polyglot_Command_F1:0.6369426751592356


Polyglot_Tupni_Length_pre:1.0
Polyglot_Tupni_Length_rec:1.0
Polyglot_Tupni_Length_F1:1.0

\Polyglot_Delim_pre:0
Polyglot_Delim_rec:0
Polyglot_Delim_F1:0
